# Tabla de verdad
# Generado a partir de un circuito Binary_to_Two_Seven_Segment
# Exportado en Sat Apr 03 10:44:00 COT 2021

# Consejos y notas sobre el formato:
# * Puede editar este archivo y luego importarlo de nuevo a Logisim!
# * Cualquier cosa después de un '#' es un comentario y será ignorado.
# * Las líneas en blanco y las líneas de separación (por ejemplo, ~~~~~~~) se ignoran.
%a * Mantener nombres de columnas simples (sin espacios, puntuación, etc.)
# * 'Nombre[N..0]' indica una variable de 1 bit N, mientras que
# 'Nombre' por sí mismo indica una variable de 1 bit.
Puedes usar'x' o'-' para indicar "no me importa" para ambos.
# bits de entrada y salida.
Puede utilizar la notación binaria (por ejemplo,'10100011xxxxxx') o
y o hexadecimal (por ejemplo, 'C3x'). Logisim averiguará cuál es cuál.

entrance[7..0] | aa bb cc dd ee ff gg a b c d e f g
~~~~~~~~~~~~~~~~~~~~~~~~~~~~~~~~~~~~~~~~~~~~~~~~~~~
   00000000    | 1  1  1  1  1  1  0  1 1 1 1 1 1 0
   00000001    | 0  1  1  0  0  0  0  1 1 1 1 1 1 0
   00000010    | 1  1  0  1  1  0  1  1 1 1 1 1 1 0
   00000011    | 1  1  1  1  0  0  1  1 1 1 1 1 1 0
   00000100    | 0  1  1  0  0  1  1  1 1 1 1 1 1 0
   00000101    | 1  0  1  1  0  1  1  1 1 1 1 1 1 0
   00000110    | 1  0  1  1  1  1  1  1 1 1 1 1 1 0
   00000111    | 1  1  1  0  0  0  0  1 1 1 1 1 1 0
   00001000    | 1  1  1  1  1  1  1  1 1 1 1 1 1 0
   00001001    | 1  1  1  0  0  1  1  1 1 1 1 1 1 0
   00001010    | 1  1  1  0  1  1  1  1 1 1 1 1 1 0
   00001011    | 0  0  1  1  1  1  1  1 1 1 1 1 1 0
   00001100    | 1  0  0  1  1  1  0  1 1 1 1 1 1 0
   00001101    | 0  1  1  1  1  0  1  1 1 1 1 1 1 0
   00001110    | 1  0  0  1  1  1  1  1 1 1 1 1 1 0
   00001111    | 1  0  0  0  1  1  1  1 1 1 1 1 1 0
   00010000    | 1  1  1  1  1  1  0  0 1 1 0 0 0 0
   00010001    | 0  1  1  0  0  0  0  0 1 1 0 0 0 0
   00010010    | 1  1  0  1  1  0  1  0 1 1 0 0 0 0
   00010011    | 1  1  1  1  0  0  1  0 1 1 0 0 0 0
   00010100    | 0  1  1  0  0  1  1  0 1 1 0 0 0 0
   00010101    | 1  0  1  1  0  1  1  0 1 1 0 0 0 0
   00010110    | 1  0  1  1  1  1  1  0 1 1 0 0 0 0
   00010111    | 1  1  1  0  0  0  0  0 1 1 0 0 0 0
   00011000    | 1  1  1  1  1  1  1  0 1 1 0 0 0 0
   00011001    | 1  1  1  0  0  1  1  0 1 1 0 0 0 0
   00011010    | 1  1  1  0  1  1  1  0 1 1 0 0 0 0
   00011011    | 0  0  1  1  1  1  1  0 1 1 0 0 0 0
   00011100    | 1  0  0  1  1  1  0  0 1 1 0 0 0 0
   00011101    | 0  1  1  1  1  0  1  0 1 1 0 0 0 0
   00011110    | 1  0  0  1  1  1  1  0 1 1 0 0 0 0
   00011111    | 1  0  0  0  1  1  1  0 1 1 0 0 0 0
   00100000    | 1  1  1  1  1  1  0  1 1 0 1 1 0 1
   00100001    | 0  1  1  0  0  0  0  1 1 0 1 1 0 1
   00100010    | 1  1  0  1  1  0  1  1 1 0 1 1 0 1
   00100011    | 1  1  1  1  0  0  1  1 1 0 1 1 0 1
   00100100    | 0  1  1  0  0  1  1  1 1 0 1 1 0 1
   00100101    | 1  0  1  1  0  1  1  1 1 0 1 1 0 1
   00100110    | 1  0  1  1  1  1  1  1 1 0 1 1 0 1
   00100111    | 1  1  1  0  0  0  0  1 1 0 1 1 0 1
   00101000    | 1  1  1  1  1  1  1  1 1 0 1 1 0 1
   00101001    | 1  1  1  0  0  1  1  1 1 0 1 1 0 1
   00101010    | 1  1  1  0  1  1  1  1 1 0 1 1 0 1
   00101011    | 0  0  1  1  1  1  1  1 1 0 1 1 0 1
   00101100    | 1  0  0  1  1  1  0  1 1 0 1 1 0 1
   00101101    | 0  1  1  1  1  0  1  1 1 0 1 1 0 1
   00101110    | 1  0  0  1  1  1  1  1 1 0 1 1 0 1
   00101111    | 1  0  0  0  1  1  1  1 1 0 1 1 0 1
   00110000    | 1  1  1  1  1  1  0  1 1 1 1 0 0 1
   00110001    | 0  1  1  0  0  0  0  1 1 1 1 0 0 1
   00110010    | 1  1  0  1  1  0  1  1 1 1 1 0 0 1
   00110011    | 1  1  1  1  0  0  1  1 1 1 1 0 0 1
   00110100    | 0  1  1  0  0  1  1  1 1 1 1 0 0 1
   00110101    | 1  0  1  1  0  1  1  1 1 1 1 0 0 1
   00110110    | 1  0  1  1  1  1  1  1 1 1 1 0 0 1
   00110111    | 1  1  1  0  0  0  0  1 1 1 1 0 0 1
   00111000    | 1  1  1  1  1  1  1  1 1 1 1 0 0 1
   00111001    | 1  1  1  0  0  1  1  1 1 1 1 0 0 1
   00111010    | 1  1  1  0  1  1  1  1 1 1 1 0 0 1
   00111011    | 0  0  1  1  1  1  1  1 1 1 1 0 0 1
   00111100    | 1  0  0  1  1  1  0  1 1 1 1 0 0 1
   00111101    | 0  1  1  1  1  0  1  1 1 1 1 0 0 1
   00111110    | 1  0  0  1  1  1  1  1 1 1 1 0 0 1
   00111111    | 1  0  0  0  1  1  1  1 1 1 1 0 0 1
   01000000    | 1  1  1  1  1  1  0  0 1 1 0 0 1 1
   01000001    | 0  1  1  0  0  0  0  0 1 1 0 0 1 1
   01000010    | 1  1  0  1  1  0  1  0 1 1 0 0 1 1
   01000011    | 1  1  1  1  0  0  1  0 1 1 0 0 1 1
   01000100    | 0  1  1  0  0  1  1  0 1 1 0 0 1 1
   01000101    | 1  0  1  1  0  1  1  0 1 1 0 0 1 1
   01000110    | 1  0  1  1  1  1  1  0 1 1 0 0 1 1
   01000111    | 1  1  1  0  0  0  0  0 1 1 0 0 1 1
   01001000    | 1  1  1  1  1  1  1  0 1 1 0 0 1 1
   01001001    | 1  1  1  0  0  1  1  0 1 1 0 0 1 1
   01001010    | 1  1  1  0  1  1  1  0 1 1 0 0 1 1
   01001011    | 0  0  1  1  1  1  1  0 1 1 0 0 1 1
   01001100    | 1  0  0  1  1  1  0  0 1 1 0 0 1 1
   01001101    | 0  1  1  1  1  0  1  0 1 1 0 0 1 1
   01001110    | 1  0  0  1  1  1  1  0 1 1 0 0 1 1
   01001111    | 1  0  0  0  1  1  1  0 1 1 0 0 1 1
   01010000    | 1  1  1  1  1  1  0  1 0 1 1 0 1 1
   01010001    | 0  1  1  0  0  0  0  1 0 1 1 0 1 1
   01010010    | 1  1  0  1  1  0  1  1 0 1 1 0 1 1
   01010011    | 1  1  1  1  0  0  1  1 0 1 1 0 1 1
   01010100    | 0  1  1  0  0  1  1  1 0 1 1 0 1 1
   01010101    | 1  0  1  1  0  1  1  1 0 1 1 0 1 1
   01010110    | 1  0  1  1  1  1  1  1 0 1 1 0 1 1
   01010111    | 1  1  1  0  0  0  0  1 0 1 1 0 1 1
   01011000    | 1  1  1  1  1  1  1  1 0 1 1 0 1 1
   01011001    | 1  1  1  0  0  1  1  1 0 1 1 0 1 1
   01011010    | 1  1  1  0  1  1  1  1 0 1 1 0 1 1
   01011011    | 0  0  1  1  1  1  1  1 0 1 1 0 1 1
   01011100    | 1  0  0  1  1  1  0  1 0 1 1 0 1 1
   01011101    | 0  1  1  1  1  0  1  1 0 1 1 0 1 1
   01011110    | 1  0  0  1  1  1  1  1 0 1 1 0 1 1
   01011111    | 1  0  0  0  1  1  1  1 0 1 1 0 1 1
   01100000    | 1  1  1  1  1  1  0  1 0 1 1 1 1 1
   01100001    | 0  1  1  0  0  0  0  1 0 1 1 1 1 1
   01100010    | 1  1  0  1  1  0  1  1 0 1 1 1 1 1
   01100011    | 1  1  1  1  0  0  1  1 0 1 1 1 1 1
   01100100    | 0  1  1  0  0  1  1  1 0 1 1 1 1 1
   01100101    | 1  0  1  1  0  1  1  1 0 1 1 1 1 1
   01100110    | 1  0  1  1  1  1  1  1 0 1 1 1 1 1
   01100111    | 1  1  1  0  0  0  0  1 0 1 1 1 1 1
   01101000    | 1  1  1  1  1  1  1  1 0 1 1 1 1 1
   01101001    | 1  1  1  0  0  1  1  1 0 1 1 1 1 1
   01101010    | 1  1  1  0  1  1  1  1 0 1 1 1 1 1
   01101011    | 0  0  1  1  1  1  1  1 0 1 1 1 1 1
   01101100    | 1  0  0  1  1  1  0  1 0 1 1 1 1 1
   01101101    | 0  1  1  1  1  0  1  1 0 1 1 1 1 1
   01101110    | 1  0  0  1  1  1  1  1 0 1 1 1 1 1
   01101111    | 1  0  0  0  1  1  1  1 0 1 1 1 1 1
   01110000    | 1  1  1  1  1  1  0  1 1 1 0 0 0 0
   01110001    | 0  1  1  0  0  0  0  1 1 1 0 0 0 0
   01110010    | 1  1  0  1  1  0  1  1 1 1 0 0 0 0
   01110011    | 1  1  1  1  0  0  1  1 1 1 0 0 0 0
   01110100    | 0  1  1  0  0  1  1  1 1 1 0 0 0 0
   01110101    | 1  0  1  1  0  1  1  1 1 1 0 0 0 0
   01110110    | 1  0  1  1  1  1  1  1 1 1 0 0 0 0
   01110111    | 1  1  1  0  0  0  0  1 1 1 0 0 0 0
   01111000    | 1  1  1  1  1  1  1  1 1 1 0 0 0 0
   01111001    | 1  1  1  0  0  1  1  1 1 1 0 0 0 0
   01111010    | 1  1  1  0  1  1  1  1 1 1 0 0 0 0
   01111011    | 0  0  1  1  1  1  1  1 1 1 0 0 0 0
   01111100    | 1  0  0  1  1  1  0  1 1 1 0 0 0 0
   01111101    | 0  1  1  1  1  0  1  1 1 1 0 0 0 0
   01111110    | 1  0  0  1  1  1  1  1 1 1 0 0 0 0
   01111111    | 1  0  0  0  1  1  1  1 1 1 0 0 0 0
   10000000    | 1  1  1  1  1  1  0  1 1 1 1 1 1 1
   10000001    | 0  1  1  0  0  0  0  1 1 1 1 1 1 1
   10000010    | 1  1  0  1  1  0  1  1 1 1 1 1 1 1
   10000011    | 1  1  1  1  0  0  1  1 1 1 1 1 1 1
   10000100    | 0  1  1  0  0  1  1  1 1 1 1 1 1 1
   10000101    | 1  0  1  1  0  1  1  1 1 1 1 1 1 1
   10000110    | 1  0  1  1  1  1  1  1 1 1 1 1 1 1
   10000111    | 1  1  1  0  0  0  0  1 1 1 1 1 1 1
   10001000    | 1  1  1  1  1  1  1  1 1 1 1 1 1 1
   10001001    | 1  1  1  0  0  1  1  1 1 1 1 1 1 1
   10001010    | 1  1  1  0  1  1  1  1 1 1 1 1 1 1
   10001011    | 0  0  1  1  1  1  1  1 1 1 1 1 1 1
   10001100    | 1  0  0  1  1  1  0  1 1 1 1 1 1 1
   10001101    | 0  1  1  1  1  0  1  1 1 1 1 1 1 1
   10001110    | 1  0  0  1  1  1  1  1 1 1 1 1 1 1
   10001111    | 1  0  0  0  1  1  1  1 1 1 1 1 1 1
   10010000    | 1  1  1  1  1  1  0  1 1 1 0 0 1 1
   10010001    | 0  1  1  0  0  0  0  1 1 1 0 0 1 1
   10010010    | 1  1  0  1  1  0  1  1 1 1 0 0 1 1
   10010011    | 1  1  1  1  0  0  1  1 1 1 0 0 1 1
   10010100    | 0  1  1  0  0  1  1  1 1 1 0 0 1 1
   10010101    | 1  0  1  1  0  1  1  1 1 1 0 0 1 1
   10010110    | 1  0  1  1  1  1  1  1 1 1 0 0 1 1
   10010111    | 1  1  1  0  0  0  0  1 1 1 0 0 1 1
   10011000    | 1  1  1  1  1  1  1  1 1 1 0 0 1 1
   10011001    | 1  1  1  0  0  1  1  1 1 1 0 0 1 1
   10011010    | 1  1  1  0  1  1  1  1 1 1 0 0 1 1
   10011011    | 0  0  1  1  1  1  1  1 1 1 0 0 1 1
   10011100    | 1  0  0  1  1  1  0  1 1 1 0 0 1 1
   10011101    | 0  1  1  1  1  0  1  1 1 1 0 0 1 1
   10011110    | 1  0  0  1  1  1  1  1 1 1 0 0 1 1
   10011111    | 1  0  0  0  1  1  1  1 1 1 0 0 1 1
   10100000    | 1  1  1  1  1  1  0  1 1 1 0 1 1 1
   10100001    | 0  1  1  0  0  0  0  1 1 1 0 1 1 1
   10100010    | 1  1  0  1  1  0  1  1 1 1 0 1 1 1
   10100011    | 1  1  1  1  0  0  1  1 1 1 0 1 1 1
   10100100    | 0  1  1  0  0  1  1  1 1 1 0 1 1 1
   10100101    | 1  0  1  1  0  1  1  1 1 1 0 1 1 1
   10100110    | 1  0  1  1  1  1  1  1 1 1 0 1 1 1
   10100111    | 1  1  1  0  0  0  0  1 1 1 0 1 1 1
   10101000    | 1  1  1  1  1  1  1  1 1 1 0 1 1 1
   10101001    | 1  1  1  0  0  1  1  1 1 1 0 1 1 1
   10101010    | 1  1  1  0  1  1  1  1 1 1 0 1 1 1
   10101011    | 0  0  1  1  1  1  1  1 1 1 0 1 1 1
   10101100    | 1  0  0  1  1  1  0  1 1 1 0 1 1 1
   10101101    | 0  1  1  1  1  0  1  1 1 1 0 1 1 1
   10101110    | 1  0  0  1  1  1  1  1 1 1 0 1 1 1
   10101111    | 1  0  0  0  1  1  1  1 1 1 0 1 1 1
   10110000    | 1  1  1  1  1  1  0  0 0 1 1 1 1 1
   10110001    | 0  1  1  0  0  0  0  0 0 1 1 1 1 1
   10110010    | 1  1  0  1  1  0  1  0 0 1 1 1 1 1
   10110011    | 1  1  1  1  0  0  1  0 0 1 1 1 1 1
   10110100    | 0  1  1  0  0  1  1  0 0 1 1 1 1 1
   10110101    | 1  0  1  1  0  1  1  0 0 1 1 1 1 1
   10110110    | 1  0  1  1  1  1  1  0 0 1 1 1 1 1
   10110111    | 1  1  1  0  0  0  0  0 0 1 1 1 1 1
   10111000    | 1  1  1  1  1  1  1  0 0 1 1 1 1 1
   10111001    | 1  1  1  0  0  1  1  0 0 1 1 1 1 1
   10111010    | 1  1  1  0  1  1  1  0 0 1 1 1 1 1
   10111011    | 0  0  1  1  1  1  1  0 0 1 1 1 1 1
   10111100    | 1  0  0  1  1  1  0  0 0 1 1 1 1 1
   10111101    | 0  1  1  1  1  0  1  0 0 1 1 1 1 1
   10111110    | 1  0  0  1  1  1  1  0 0 1 1 1 1 1
   10111111    | 1  0  0  0  1  1  1  0 0 1 1 1 1 1
   11000000    | 1  1  1  1  1  1  0  1 0 0 1 1 1 0
   11000001    | 0  1  1  0  0  0  0  1 0 0 1 1 1 0
   11000010    | 1  1  0  1  1  0  1  1 0 0 1 1 1 0
   11000011    | 1  1  1  1  0  0  1  1 0 0 1 1 1 0
   11000100    | 0  1  1  0  0  1  1  1 0 0 1 1 1 0
   11000101    | 1  0  1  1  0  1  1  1 0 0 1 1 1 0
   11000110    | 1  0  1  1  1  1  1  1 0 0 1 1 1 0
   11000111    | 1  1  1  0  0  0  0  1 0 0 1 1 1 0
   11001000    | 1  1  1  1  1  1  1  1 0 0 1 1 1 0
   11001001    | 1  1  1  0  0  1  1  1 0 0 1 1 1 0
   11001010    | 1  1  1  0  1  1  1  1 0 0 1 1 1 0
   11001011    | 0  0  1  1  1  1  1  1 0 0 1 1 1 0
   11001100    | 1  0  0  1  1  1  0  1 0 0 1 1 1 0
   11001101    | 0  1  1  1  1  0  1  1 0 0 1 1 1 0
   11001110    | 1  0  0  1  1  1  1  1 0 0 1 1 1 0
   11001111    | 1  0  0  0  1  1  1  1 0 0 1 1 1 0
   11010000    | 1  1  1  1  1  1  0  0 1 1 1 1 0 1
   11010001    | 0  1  1  0  0  0  0  0 1 1 1 1 0 1
   11010010    | 1  1  0  1  1  0  1  0 1 1 1 1 0 1
   11010011    | 1  1  1  1  0  0  1  0 1 1 1 1 0 1
   11010100    | 0  1  1  0  0  1  1  0 1 1 1 1 0 1
   11010101    | 1  0  1  1  0  1  1  0 1 1 1 1 0 1
   11010110    | 1  0  1  1  1  1  1  0 1 1 1 1 0 1
   11010111    | 1  1  1  0  0  0  0  0 1 1 1 1 0 1
   11011000    | 1  1  1  1  1  1  1  0 1 1 1 1 0 1
   11011001    | 1  1  1  0  0  1  1  0 1 1 1 1 0 1
   11011010    | 1  1  1  0  1  1  1  0 1 1 1 1 0 1
   11011011    | 0  0  1  1  1  1  1  0 1 1 1 1 0 1
   11011100    | 1  0  0  1  1  1  0  0 1 1 1 1 0 1
   11011101    | 0  1  1  1  1  0  1  0 1 1 1 1 0 1
   11011110    | 1  0  0  1  1  1  1  0 1 1 1 1 0 1
   11011111    | 1  0  0  0  1  1  1  0 1 1 1 1 0 1
   11100000    | 1  1  1  1  1  1  0  1 0 0 1 1 1 1
   11100001    | 0  1  1  0  0  0  0  1 0 0 1 1 1 1
   11100010    | 1  1  0  1  1  0  1  1 0 0 1 1 1 1
   11100011    | 1  1  1  1  0  0  1  1 0 0 1 1 1 1
   11100100    | 0  1  1  0  0  1  1  1 0 0 1 1 1 1
   11100101    | 1  0  1  1  0  1  1  1 0 0 1 1 1 1
   11100110    | 1  0  1  1  1  1  1  1 0 0 1 1 1 1
   11100111    | 1  1  1  0  0  0  0  1 0 0 1 1 1 1
   11101000    | 1  1  1  1  1  1  1  1 0 0 1 1 1 1
   11101001    | 1  1  1  0  0  1  1  1 0 0 1 1 1 1
   11101010    | 1  1  1  0  1  1  1  1 0 0 1 1 1 1
   11101011    | 0  0  1  1  1  1  1  1 0 0 1 1 1 1
   11101100    | 1  0  0  1  1  1  0  1 0 0 1 1 1 1
   11101101    | 0  1  1  1  1  0  1  1 0 0 1 1 1 1
   11101110    | 1  0  0  1  1  1  1  1 0 0 1 1 1 1
   11101111    | 1  0  0  0  1  1  1  1 0 0 1 1 1 1
   11110000    | 1  1  1  1  1  1  0  1 0 0 0 1 1 1
   11110001    | 0  1  1  0  0  0  0  1 0 0 0 1 1 1
   11110010    | 1  1  0  1  1  0  1  1 0 0 0 1 1 1
   11110011    | 1  1  1  1  0  0  1  1 0 0 0 1 1 1
   11110100    | 0  1  1  0  0  1  1  1 0 0 0 1 1 1
   11110101    | 1  0  1  1  0  1  1  1 0 0 0 1 1 1
   11110110    | 1  0  1  1  1  1  1  1 0 0 0 1 1 1
   11110111    | 1  1  1  0  0  0  0  1 0 0 0 1 1 1
   11111000    | 1  1  1  1  1  1  1  1 0 0 0 1 1 1
   11111001    | 1  1  1  0  0  1  1  1 0 0 0 1 1 1
   11111010    | 1  1  1  0  1  1  1  1 0 0 0 1 1 1
   11111011    | 0  0  1  1  1  1  1  1 0 0 0 1 1 1
   11111100    | 1  0  0  1  1  1  0  1 0 0 0 1 1 1
   11111101    | 0  1  1  1  1  0  1  1 0 0 0 1 1 1
   11111110    | 1  0  0  1  1  1  1  1 0 0 0 1 1 1
   11111111    | 1  0  0  0  1  1  1  1 0 0 0 1 1 1
